250
0.24
0.09
0.04

0.10736407498715667  0.009386655505176464  -0.0042305996219288615 -0.009061016876649959 1 0.0015
0.006149201705787382  0.06329810025657599  0.004610271448289349 0.008873860330943237 1 0.0015
0.0870898847724088  0.059519076225501656  0.003594219394944049 -0.009331751547325295 1 0.0015
0.015779114349974026  0.0587663897278186  -0.004809632829523465 -0.008767407373059045 1 0.0015
0.030100438946814398  0.01378582122732858  -0.00578146239580829 -0.008159331624946657 1 0.0015
0.03481451007871538  0.07954168921796588  0.0068632877141533 0.007272914254461713 1 0.0015
0.0884694235637416  0.01246197433390408  -0.0023450108875222257 -0.00972115856970774 1 0.0015
0.07900765920420158  0.06358234624329558  0.0038775952143907545 0.009217605727808817 1 0.0015
0.0662467697584651  0.00636975560513801  0.007474110187725558 0.006643619262249834 1 0.0015
0.03596827592171021  0.018140322732406497  0.007404622770474779 -0.006720979216376615 1 0.0015
0.049079276948326735  0.08053773240245936  -0.006385200069901695 -0.007696052239124121 1 0.0015
0.06402799513337619  0.07652318746996219  -0.009943268509725559 -0.0010636782142641043 1 0.0015
0.015955242684000927  0.012381865932233683  0.008298416246760107 0.005579989945824984 1 0.0015
0.0948166015776784  0.05472773384283578  -0.006813960264267416 -0.007319149234507022 1 0.0015
0.032359019110500695  0.029135005980717034  -0.00618868650663442 0.007854944896216718 1 0.0015
0.0395402770659297  0.019801120761676283  0.0016655679021780265 -0.009860318633960785 1 0.0015
0.08661770522508361  0.08691926469231309  0.004144776216313506 0.009100595041901485 1 0.0015
0.06195649059908386  0.02276677839283519  -0.004750777941840558 0.008799437990424229 1 0.0015
0.02235497448395822  0.0647670710280301  -0.009833798036266795 0.001815603531037362 1 0.0015
0.07752164764900948  0.025894767085025076  -0.003386260755499983 -0.009409210280133008 1 0.0015
0.02904667580081321  0.02826194953933707  -0.008354780543949924 -0.0054952381260902445 1 0.0015
0.10144041760097378  0.0500079815470591  0.006782465304367968 -0.007348344330190627 1 0.0015
0.00746637221954757  0.0022835931962438025  0.009491541035371467 0.0031481182909572406 1 0.0015
0.06988562267750008  0.036834945116776464  0.003505782877903119 0.009365334292645475 1 0.0015
0.09964627793363053  0.07247409069241832  -0.009478995265319874 -0.0031856943921291956 1 0.0015
0.09671771090075466  0.010131069722957265  0.0074096060083349725 0.006715485001192861 1 0.0015
0.01918030997548789  0.07185465404549216  0.009380396044162157 -0.00346528066030256 1 0.0015
0.114959306725425  0.06886087365695592  0.0031648271292972034 0.009485982776795687 1 0.0015
0.0030127192912363177  0.05645055916251714  -0.0016739249630513368 0.009858903347638295 1 0.0015
0.07878083948251664  0.021119350027202333  0.0023326895971031505 -0.009724122543631726 1 0.0015
0.10605149706259454  0.03210657781907116  0.0047992879212188245 0.008773074458206947 1 0.0015
0.021464232147384597  0.0750677716676897  0.009108640077004992 0.004127066264015941 1 0.0015
0.05619925248683444  0.033962385622357774  0.009693386988112429 0.002457284822460079 1 0.0015
0.035607845239119904  0.08563367514764257  -0.0005096115000612755 -0.009987006364221727 1 0.0015
0.0503985971566406  0.03565269423544051  0.008583536686078986 0.005130584563062593 1 0.0015
0.10009704547249577  0.03423860440377261  0.0052722071075452966 -0.008497283813969548 1 0.0015
0.11770097406436969  0.03931350454200829  0.009241598623322007 0.003820059539511496 1 0.0015
0.011864092667765683  0.04434832779661519  0.0033793207868966953 -0.009411705000649346 1 0.0015
0.007381531481331552  0.06953042937615038  -0.003610642948414391 -0.009325409240299615 1 0.0015
0.07484048422960221  0.02157404157763415  0.0011032785245268135 -0.00993895248491097 1 0.0015
0.013626960241165373  0.02783294455693327  0.0045516911550876876 0.00890405006885611 1 0.0015
0.05994581093771895  0.06505569527942309  0.004072106858388658 0.009133342528004962 1 0.0015
0.06857977046929827  0.07424055066150166  -0.0011189226699342084 0.009937203432490818 1 0.0015
0.055295381824992135  0.05714982267440515  -0.00048801230330158644 0.009988085101350823 1 0.0015
0.029633411414032217  0.0347005486090771  0.002344678474091276 -0.009721238750958285 1 0.0015
0.016504680821694512  0.021102767884740505  0.0006212749306926772 0.009980682214182196 1 0.0015
0.0783011546722791  0.0027412254769525897  0.004064825205315668 0.009136585579429026 1 0.0015
0.0677662466415115  0.06650813123116465  0.0012480732508132197 0.009921809974022104 1 0.0015
0.08828686185628348  0.06816214428924555  -0.00866146040087918 0.004997909935563254 1 0.0015
0.08733801973400195  0.04172301248560032  0.007010765169415975 -0.007130860518850709 1 0.0015
0.11110999374180046  0.010969065836501079  -0.007501035178305997 0.00661320431060586 1 0.0015
0.03612270822962884  0.056979420822289704  0.0005013829268938237 -0.009987422848794347 1 0.0015
0.026325071075223958  0.04412897234080983  -0.001907425686488929 0.00981640093163081 1 0.0015
0.010430008755558398  0.010639291357485028  -0.003586287802550328 -0.009334802611586318 1 0.0015
0.058154323711263285  0.04490883531151387  -0.004210321904474734 0.009070456959861518 1 0.0015
0.0452541928669853  0.06756879067045657  0.0006867724671881497 0.009976389305671282 1 0.0015
0.024478816205587277  0.01218589473102959  -0.0003488643869333924 -0.00999391282929412 1 0.0015
0.006126873771561607  0.056062841733150064  0.00177679925851525 -0.009840883313754902 1 0.0015
0.0529969882600825  0.08238615366690519  -0.0003988425690802169 -0.009992043064613437 1 0.0015
0.013981035798387638  0.051134922947286214  -0.00010252968858312679 0.009999474369333574 1 0.0015
0.03634080718823005  0.03863842920670404  0.00686819127503282 -0.007268283745807056 1 0.0015
0.025946407112486816  0.039555084132549954  0.0006297171575282111 -0.009980153120143729 1 0.0015
0.08219916364144493  0.08471505886779135  0.007493683568672171 0.0066215335514224136 1 0.0015
0.016308322650381412  0.06586196808332062  0.009822936896545969 0.001873475574027018 1 0.0015
0.06147862521861787  0.03172909065613423  0.0031660919858021146 0.009485560686508712 1 0.0015
0.05101044255236526  0.005622209338042333  -0.0076541232671379685 -0.0064354018531446195 1 0.0015
0.09808233252120449  0.014825290730814466  0.004269424294657365 -0.00904278807626218 1 0.0015
0.0306503080027698  0.02392399823768703  0.0077399743384349625 0.006331887336360958 1 0.0015
0.05579939480558808  0.028582789822662713  -0.005831253504686125 0.00812382191853599 1 0.0015
0.048684625759060574  0.015050315363873844  -0.005613200822686861 -0.008275987948528414 1 0.0015
0.09273379659824851  0.004099473223330726  0.003191969298009127 0.009476884087112553 1 0.0015
0.07072422032008134  0.08768360442686567  0.006779646405057965 0.007350945151637619 1 0.0015
0.08734160681400348  0.017367592551637438  0.00392546420004102 0.009197321937074744 1 0.0015
0.00815470547954951  0.08458585107698992  -0.008261489106244076 -0.0056345184130864685 1 0.0015
0.07347409277331757  0.04742706659882309  0.006529161217237274 0.007574302198838167 1 0.0015
0.10812016383799336  0.05364986533005965  -0.005375899250458398 -0.00843206423415529 1 0.0015
0.10568039574334229  0.026692539996739033  -0.0033529106029747324 -0.009421145922256995 1 0.0015
0.01387734178756713  0.07268871762824078  0.006248182544206652 0.007807702280073907 1 0.0015
0.007864888338289496  0.015873747185191654  0.0002706408244529338 0.009996337006330841 1 0.0015
0.017619168981853665  0.004152228312085057  0.006145324942605024 -0.00788891509333169 1 0.0015
0.08997174066965358  0.0551942027783328  -0.0008343327079424808 0.009965133663552003 1 0.0015
0.04169685538397583  0.05569379441295036  0.0018764647833739833 0.009822366309436704 1 0.0015
0.03348194081263986  0.006408771888872909  0.0027028314944008945 0.009627808780448157 1 0.0015
0.02697250629740066  0.06873181938873546  0.0009794097696362563 -0.009951922251662793 1 0.0015
0.040333116386798686  0.08296540223088757  -0.0077087153947023816 0.006369906354372764 1 0.0015
0.05090034977845155  0.06650223370896435  0.008384091298644607 -0.0054504140297771675 1 0.0015
0.11831914592621168  0.01541801505317563  -0.002873398358332113 -0.009578287001042218 1 0.0015
0.02551376363119607  0.025311945411257065  -0.009536366663604039 -0.0030096031062752404 1 0.0015
0.10420573886905674  0.0584048140287941  0.006268499574749278 0.007791399943615276 1 0.0015
0.017902774087555272  0.018442095562408375  0.006999056307885535 -0.0071423533095925544 1 0.0015
0.082176243890691  0.07005896690169015  0.008079339555906081 -0.005892730465613655 1 0.0015
0.015217009092860707  0.0689117612612022  -0.007810300920049491 0.0062449339098403665 1 0.0015
0.003396023963079721  0.06168861955893201  0.0050213066217162546 0.008647917657488912 1 0.0015
0.062340247680846575  0.060374707699535034  0.003361532258527875 0.009418073097766681 1 0.0015
0.023453082752401655  0.07742439580477511  -0.0007951647749752273 0.009968335517057931 1 0.0015
0.0978274503937496  0.007288272817808242  -0.00878872028739935 -0.0047705760354337795 1 0.0015
0.09744923097726735  0.07602488378217535  -0.0007387863746205307 0.009972672394733272 1 0.0015
0.07759922111590613  0.033761948907847776  -0.0028892550301936604 -0.009573515831213767 1 0.0015
0.04545782176260317  0.08151584813909885  0.004960663982867356 -0.008682845895735026 1 0.0015
0.09739005324555006  0.04523903434727483  0.007959657190229641 0.006053417003150005 1 0.0015
0.06679172440655072  0.05298446226496682  -0.0016352704448474135 -0.009865388516029592 1 0.0015
0.010987401910175557  0.056496524018592544  0.0013768644492611008 -0.009904758668860182 1 0.0015
0.020663823810735643  0.08489390509384165  0.001477747525285374 -0.009890210425037122 1 0.0015
0.030183501073437244  0.05628030351260823  0.007248872608833593 -0.006888675192001875 1 0.0015
0.11264302405045686  0.08333169566094709  0.009732454190342922 -0.0022976804462058044 1 0.0015
0.06170601003706746  0.07292230061466458  0.007465274967837035 -0.00665354564533721 1 0.0015
0.07009197036728038  0.014482360724604815  0.00919715135639908 -0.003925863844746349 1 0.0015
0.11771490379482877  0.0542865687931659  -0.008508031663558024 -0.005254845117783596 1 0.0015
0.05266788160761123  0.028894480162194043  0.0013019126758342433 -0.009914888974895389 1 0.0015
0.10379789236825968  0.010121529423339444  -0.005134702249382284 0.008581074105855777 1 0.0015
0.04933208091064186  0.01936311892240243  0.0012818120949497098 0.00991750763817405 1 0.0015
0.019943136561889577  0.009218791854918047  0.007897773596469376 0.006133936111414203 1 0.0015
0.015916137146355827  0.0477111606118476  -0.009699270685437831 -0.002433957306652348 1 0.0015
0.007454111073205958  0.01978988539176476  0.00950241655612522 -0.003115137170956894 1 0.0015
0.04175722559398623  0.039523650239708885  0.008048917577814415 0.005934216530052651 1 0.0015
0.09478090216443263  0.021495672286431323  -0.008722295973118402 -0.004890966464546912 1 0.0015
0.02881902498613466  0.07921345885976301  0.0031210913627211616 0.009500462552189096 1 0.0015
0.0734546036498322  0.012391253582211749  0.00246058601176332 -0.009692549534498891 1 0.0015
0.09543359408429472  0.024945871993268177  -0.005298880793162621 -0.008480675818580278 1 0.0015
0.08404987572516442  0.05750012957452778  -0.0012978283386092908 -0.009915424428813052 1 0.0015
0.0493218995534792  0.030869963373919278  -0.003036434156299679 0.009527857451413548 1 0.0015
0.007690276872062167  0.08074360717782099  0.008503536184661575 0.005262116718218179 1 0.0015
0.09569006111820655  0.08323999274909341  0.003293885557650084 0.009441944605488013 1 0.0015
0.10908264295975754  0.036350068948642185  0.008829497577538302 0.0046946749118810405 1 0.0015
0.04374646144891696  0.029663080491546034  -0.006173081315188256 0.00786721469619799 1 0.0015
0.10842900701375209  0.04501646351649139  0.0031447543595049133 0.009492656109771113 1 0.0015
0.004162821726448524  0.07132386961260627  -0.00585825246488644 0.008104374007759757 1 0.0015
0.08398362384838097  0.02266363958322589  -0.0020687644976102645 0.00978367075557162 1 0.0015
0.07543669837731422  0.05807497654413151  -0.004266958401913763 -0.009043951901482977 1 0.0015
0.08598149451459887  0.027177260181888034  -0.008051444604875295 -0.005930787449793198 1 0.0015
0.09295649400177425  0.03879871707860629  0.00687482439343518 -0.007262010021986241 1 0.0015
0.03897857517002161  0.0671853271596555  0.007012230438624206 0.007129419631052178 1 0.0015
0.06798220698112933  0.06967002129638909  -0.005936365696779566 -0.008047332621067608 1 0.0015
0.07104076094129541  0.03074127669163817  -0.004661091346431687 -0.00884727231751231 1 0.0015
0.06697756715808528  0.06032586193478799  -0.004837777847126177 -0.008751908677645992 1 0.0015
0.10970171495505997  0.030046689474715116  6.034033425167569e-05 0.00999981795054602 1 0.0015
0.03217489504619102  0.002962447888908621  -0.0019337620353171436 -0.009811246831609432 1 0.0015
0.10251950747264546  0.05305346407467794  0.0037380380230409224 0.009275077990955134 1 0.0015
0.061722156642971385  0.08010565709257135  -0.00011541288044019347 -0.009999333971171705 1 0.0015
0.07615289598600213  0.0365677691026454  -0.004001349634290323 0.009164562242909626 1 0.0015
0.03312210554276966  0.0746445351102753  0.007236332362120601 0.006901847140072438 1 0.0015
0.08519136026360444  0.052464704427074356  -0.009698076724693368 0.0024387102824978534 1 0.0015
0.06480884619705952  0.06831386066847782  0.007486648125059834 0.006629487148455608 1 0.0015
0.01492974676881738  0.0328576520901278  -0.002283732999131945 -0.009735736417378802 1 0.0015
0.05389242634494334  0.018783687849915014  -0.007283913120343264 0.006851613653387883 1 0.0015
0.05958993585891459  0.012925983826142365  0.005922911089191537 -0.00805724048477715 1 0.0015
0.11815794412805367  0.07123562206898876  -0.0012916252795825076 0.009916234372842517 1 0.0015
0.039824861077693625  0.006016696269191931  -0.00216908521499503 0.009761919346629021 1 0.0015
0.09138715488537581  0.03143479100667938  -0.0016632112162459235 -0.009860716426819795 1 0.0015
0.05941436958819844  0.051647903469019575  0.002402306444342644 0.009707158376552318 1 0.0015
0.051003203661537176  0.011150060943555124  0.0041456086161160855 0.009100215887658055 1 0.0015
0.026786233204655306  0.0033270451472319313  0.008650385807044492 0.005017053456889134 1 0.0015
0.09989915643425443  0.06740812577778714  -0.0028227052240205807 -0.009593348488316628 1 0.0015
0.05349238913004627  0.03217062988178182  0.0072726663510373785 0.006863550403871794 1 0.0015
0.009941133010034197  0.0678905496458197  0.008503000983181077 -0.005262981501014578 1 0.0015
0.10248768292275146  0.06275986729984981  -0.006733778674267166 0.0073929848346919215 1 0.0015
0.022904385617333357  0.019591376107158026  -0.006979571268326934 -0.007161395458312937 1 0.0015
0.008396015956271825  0.006480590338675029  0.004450279936059752 -0.008955166580846167 1 0.0015
0.10944149721133689  0.015171121700583514  -0.006599960307961965 0.007512690858362709 1 0.0015
0.046784772149617834  0.0020864472560255154  -0.001841570708887597 0.009828968273637231 1 0.0015
0.08142419372004689  0.026425290090662523  -0.0017202453226241848 -0.009850926658441308 1 0.0015
0.08824296696256803  0.047280700341862804  0.005574123012393387 0.00830235825791121 1 0.0015
0.11713156085663523  0.06214641049121555  0.005501488143490815 0.008350666333115578 1 0.0015
0.012348306305111948  0.03992263558209397  -0.008572718342568586 0.005148640618550504 1 0.0015
0.06743147665903994  0.0028714630006526206  0.009162157497731497 0.004006852878103028 1 0.0015
0.11642642888507927  0.004763285241014811  -0.005209429975821609 0.008535914674304756 1 0.0015
0.05979721705084877  0.06986374273237589  0.0037169762169000295 -0.009283538538886965 1 0.0015
0.019393028058283447  0.059182675145765654  -0.007074771147112729 -0.007067362536051285 1 0.0015
0.06277179065302312  0.03617022334374655  0.0013893751815349312 0.00990301149170972 1 0.0015
0.11034316211177472  0.04758815471921248  0.007889611988288124 0.006144430215590402 1 0.0015
0.005589106139812798  0.03635387154958318  -0.003440805225583257 -0.009389401439900146 1 0.0015
0.017519691214542894  0.08437999236014104  0.003607805600401805 0.009326507317839265 1 0.0015
0.030202347015952827  0.019924357550268876  0.0054651458542726745 0.008374495852976834 1 0.0015
0.10069497171556574  0.08671442652806258  -0.005959864001096069 -0.008029945273066259 1 0.0015
0.1071471259972727  0.08499656497670732  0.0055571939720735295 -0.008313699246229059 1 0.0015
0.04611541240624136  0.0360707234782474  0.0004174889804764992 0.009991281346813366 1 0.0015
0.05893173552984071  0.0212427031581972  -0.0003234755550580778 0.009994766808949566 1 0.0015
0.04275658217400655  0.01692521437294573  -0.009193902885372177 0.0039334653594947505 1 0.0015
0.07350541469109623  0.04006463527759313  -0.0065382728092746815 -0.007566438308180367 1 0.0015
0.0951060618811163  0.032219582286245683  -0.00965554334004183 0.0026020151438017917 1 0.0015
0.06943517118004931  0.05809561648590392  0.007679813281743353 0.0064047223169750615 1 0.0015
0.0840653160336531  0.07266467368777647  -0.006430074712499887 -0.00765859903583348 1 0.0015
0.02587296293390349  0.07512271672405496  0.00039217763726366595 0.009992306875833542 1 0.0015
0.04045362380709487  0.0722757500210179  0.001986950437049684 0.009800613652251988 1 0.0015
0.11757028279166518  0.05906481225740722  0.003556540620079318 -0.009346176695190705 1 0.0015
0.01956206814193783  0.06847617213821863  -0.008286293626888127 -0.0055979762351222265 1 0.0015
0.010789263940295224  0.025880129886889286  0.009017685615883156 -0.004322192283216241 1 0.0015
0.03202000030270713  0.04679176077683678  0.0025138166301194587 -0.009678880407884729 1 0.0015
0.007517780005159029  0.02403422133835345  0.00776703756977371 -0.006298660761600334 1 0.0015
0.0439696511985485  0.04937367213847439  -0.007566306457843204 0.006538425390413216 1 0.0015
0.10392854616292618  0.0734888467130265  -0.0041964738929961935 -0.009076872085988728 1 0.0015
0.00877942043216528  0.07605912485237326  -8.024784378827046e-05 0.009999678008994456 1 0.0015
0.0761507384263435  0.05509767167514808  -0.006525889214612999 -0.0075771214823703165 1 0.0015
0.015331414926702853  0.03955273870594268  0.003900649660003681 0.009207873382595634 1 0.0015
0.08374729418301226  0.07770605215647214  0.005024499603642471 0.00864606290359934 1 0.0015
0.051836224450909275  0.08702480485813299  -0.0035570931255631552 -0.00934596642921808 1 0.0015
0.059018861670002594  0.06081691753860197  -0.0032999165077405544 0.009439838507196052 1 0.0015
0.0626801234767921  0.028277865446457856  -0.005597359529821582 -0.008286710221427773 1 0.0015
0.10945612411341525  0.07826154790393385  0.006727684084225827 -0.007398531399058498 1 0.0015
0.08482062419394312  0.013805535304471081  -0.009372758663609648 0.003485885114820952 1 0.0015
0.026442575329337158  0.006825092681954985  -0.004812304535145393 -0.008765941196529844 1 0.0015
0.07361086273301466  0.0702500115548517  -0.0014269772630429566 -0.009897663153025487 1 0.0015
0.07423923576721407  0.08060938857337648  -0.008044541913398064 0.005940146917676517 1 0.0015
0.05401702628593356  0.048651857588438846  0.008411237520255901 0.0054084270705852516 1 0.0015
0.014700507205627433  0.016458211825922237  -0.000993303453092509 0.009950545123262067 1 0.0015
0.031304828472287674  0.08536503888110296  -0.009956922558352121 -0.0009271964015129964 1 0.0015
0.05414986793630245  0.015324902893391215  0.004843332545519186 -0.008748835914195365 1 0.0015
0.11350864717112649  0.03862748129040614  -0.00015065082196905576 0.009998865152098014 1 0.0015
0.053127345257766266  0.06013361622306412  -0.004916033883252602 0.00870819216937203 1 0.0015
0.07798744313487507  0.07709346230054626  -0.008734598352482303 -0.004868962068122264 1 0.0015
0.09580599490205242  0.01763490157675987  -0.004398100130079598 0.008980908375314482 1 0.0015
0.047526649171753525  0.08700871224591122  -0.0020492408976306217 -0.009787778693017024 1 0.0015
0.03366033808378672  0.042192692693539556  0.0035464605324012563 0.00935000629369415 1 0.0015
0.04879831329550719  0.04925779904271675  0.0048577134110018225 0.008740859249328584 1 0.0015
0.050523517442554636  0.05430208162352219  0.0007032343356232901 0.009975242426587962 1 0.0015
0.0966240645959219  0.048484196708781346  0.004509428630102523 0.00892552818773274 1 0.0015
0.11168204962056848  0.0721498341080116  -0.007325473062405599 -0.006807161259436267 1 0.0015
0.02853422531740324  0.010491273226761301  -0.00343716736778644 -0.009390733756518926 1 0.0015
0.08367768651489077  0.029301224681392943  0.0029936870949817916 -0.009541375035986139 1 0.0015
0.0895301168641319  0.08339269517054404  -0.008370845855761 -0.005470734837212355 1 0.0015
0.10676631065626935  0.08112408480164404  0.0050635743621318 0.008623236902646334 1 0.0015
0.09442415106199589  0.0712811399027855  -0.0037095281322190293 0.009286517163946644 1 0.0015
0.0743864644699402  0.01673992955677371  0.005404617999380721 0.00841368553493473 1 0.0015
0.0180222733962824  0.02712262183560274  -0.002632966304831055 0.009647149238900801 1 0.0015
0.09849690354038615  0.05950942259426036  0.00543956829037995 -0.00839113203413538 1 0.0015
0.09947403187626325  0.041033090919700546  -0.0034045897970629603 -0.009402593701406798 1 0.0015
0.014465024388448515  0.08756207013331414  -0.001110167939409712 -0.009938185304486266 1 0.0015
0.08256666426897734  0.034635423604352115  -0.003104176704625943 -0.009506002681803622 1 0.0015
0.040948010555065424  0.07922871431478605  -0.0002649217904370539 0.009996490206314997 1 0.0015
0.09331034567253373  0.009982232379653233  -0.008454119353061085 0.005341148375040523 1 0.0015
0.02301907241619322  0.071343002597688  0.0034183559273712437 0.009397597711851996 1 0.0015
0.1176359454943426  0.049537641559703464  0.004509210849321342 0.008925638213391953 1 0.0015
0.10225052201703992  0.0805720183938267  0.00517185748628096 0.008558731806850801 1 0.0015
0.026337989789741556  0.0612370362050328  0.00273777595015089 0.009617930278743728 1 0.0015
0.05881552664544407  0.08595042809520861  -0.001216387979305962 -0.009925744318881076 1 0.0015
0.08659918021613748  0.006756032692758952  -0.007804349314475259 -0.006252370092824765 1 0.0015
0.06748185457140923  0.049325740932069935  -0.00021986168991706273 -0.009997582749710392 1 0.0015
0.06997833126733918  0.061227249092652286  -0.009936595607645055 0.0011243076670240195 1 0.0015
0.026209871878196588  0.033958570162769354  0.003754791107130699 0.009268308569626512 1 0.0015
0.05996873957739094  0.057262697197042245  -0.002226471520705802 -0.009748990951246494 1 0.0015
0.028174570433765034  0.06545916276514663  -0.0009838788996795727 0.009951481412873428 1 0.0015
0.03404019909991948  0.012515464963524283  0.007240174263845751 -0.006897816801651494 1 0.0015
0.06665089338308042  0.04556675778487961  0.004459622488617549 0.008950517708994079 1 0.0015
0.11599271192837912  0.06514373642195116  -0.008151762241405515 -0.005792130209136819 1 0.0015
0.02142621440512949  0.05191816072034584  -0.005010850822976372 -0.008653980242054925 1 0.0015
0.05459808487283118  0.08570575081615747  0.004850681661917142 -0.008744763428174644 1 0.0015
0.08514035175252689  0.019590899583248535  -0.008897621630414554 0.004564244660617906 1 0.0015
0.03634393093558989  0.004835072455293155  -0.00827498750308406 0.005614675576006386 1 0.0015
0.0436616977467408  0.010493484466771204  0.0011133259158726382 -0.00993783202741153 1 0.0015
0.11484989271142033  0.032019461065623235  0.001923185803725809 -0.009813325448814358 1 0.0015
